0.000000 0.000000 100.000000 0.000000
1.000000 1.568627 98.431373 0.000000
2.000000 3.921569 96.078431 0.000000
3.000000 5.490196 94.509804 0.000000
4.000000 7.843137 92.156863 0.000000
5.000000 9.411765 90.588235 0.000000
6.000000 11.764706 88.235294 0.000000
7.000000 13.333333 86.666667 0.000000
8.000000 15.686275 84.313725 0.000000
9.000000 18.039216 81.960784 0.000000
10.000000 19.607843 80.392157 0.000000
11.000000 21.960784 78.039216 0.000000
12.000000 23.529412 76.470588 0.000000
13.000000 25.882353 74.117647 0.000000
14.000000 27.450980 72.549020 0.000000
15.000000 29.803922 70.196078 0.000000
16.000000 31.372549 68.627451 0.000000
17.000000 33.725490 66.274510 0.000000
18.000000 36.078431 63.921569 0.000000
19.000000 37.647059 62.352941 0.000000
20.000000 40.000000 60.000000 0.000000
21.000000 41.568627 58.431373 0.000000
22.000000 43.921569 56.078431 0.000000
23.000000 45.490196 54.509804 0.000000
24.000000 47.843137 52.156863 0.000000
25.000000 50.196078 49.803922 0.000000
26.000000 51.764706 48.235294 0.000000
27.000000 54.117647 45.882353 0.000000
28.000000 55.686275 44.313725 0.000000
29.000000 58.039216 41.960784 0.000000
30.000000 59.607843 40.392157 0.000000
31.000000 61.960784 38.039216 0.000000
32.000000 63.529412 36.470588 0.000000
33.000000 65.882353 34.117647 0.000000
34.000000 68.235294 31.764706 0.000000
35.000000 69.803922 30.196078 0.000000
36.000000 72.156863 27.843137 0.000000
37.000000 73.725490 26.274510 0.000000
38.000000 76.078431 23.921569 0.000000
39.000000 77.647059 22.352941 0.000000
40.000000 80.000000 20.000000 0.000000
41.000000 81.568627 18.431373 0.000000
42.000000 83.921569 16.078431 0.000000
43.000000 86.274510 13.725490 0.000000
44.000000 87.843137 12.156863 0.000000
45.000000 90.196078 9.803922 0.000000
46.000000 91.764706 8.235294 0.000000
47.000000 94.117647 5.882353 0.000000
48.000000 95.686275 4.313725 0.000000
49.000000 98.039216 1.960784 0.000000
50.000000 99.607843 0.000000 0.392157
51.000000 98.039216 0.000000 1.960784
52.000000 95.686275 0.000000 4.313725
53.000000 94.117647 0.000000 5.882353
54.000000 91.764706 0.000000 8.235294
55.000000 90.196078 0.000000 9.803922
56.000000 87.843137 0.000000 12.156863
57.000000 86.274510 0.000000 13.725490
58.000000 83.921569 0.000000 16.078431
59.000000 81.568627 0.000000 18.431373
60.000000 80.000000 0.000000 20.000000
61.000000 77.647059 0.000000 22.352941
62.000000 76.078431 0.000000 23.921569
63.000000 73.725490 0.000000 26.274510
64.000000 72.156863 0.000000 27.843137
65.000000 69.803922 0.000000 30.196078
66.000000 68.235294 0.000000 31.764706
67.000000 65.882353 0.000000 34.117647
68.000000 63.529412 0.000000 36.470588
69.000000 61.960784 0.000000 38.039216
70.000000 59.607843 0.000000 40.392157
71.000000 58.039216 0.000000 41.960784
72.000000 55.686275 0.000000 44.313725
73.000000 54.117647 0.000000 45.882353
74.000000 51.764706 0.000000 48.235294
75.000000 49.411765 0.000000 50.588235
76.000000 47.843137 0.000000 52.156863
77.000000 45.490196 0.000000 54.509804
78.000000 43.921569 0.000000 56.078431
79.000000 41.568627 0.000000 58.431373
80.000000 40.000000 0.000000 60.000000
81.000000 37.647059 0.000000 62.352941
82.000000 36.078431 0.000000 63.921569
83.000000 33.725490 0.000000 66.274510
84.000000 31.372549 0.000000 68.627451
85.000000 29.803922 0.000000 70.196078
86.000000 27.450980 0.000000 72.549020
87.000000 25.882353 0.000000 74.117647
88.000000 23.529412 0.000000 76.470588
89.000000 21.960784 0.000000 78.039216
90.000000 19.607843 0.000000 80.392157
91.000000 18.039216 0.000000 81.960784
92.000000 15.686275 0.000000 84.313725
93.000000 13.333333 0.000000 86.666667
94.000000 11.764706 0.000000 88.235294
95.000000 9.411765 0.000000 90.588235
96.000000 7.843137 0.000000 92.156863
97.000000 5.490196 0.000000 94.509804
98.000000 3.921569 0.000000 96.078431
99.000000 1.568627 0.000000 98.431373
100.000000 0.000000 0.000000 100.000000
